      0/29      2.7G   0.06189   0.02058         0   0.08247         6       640   0.03297   0.04545  0.004965 0.0005547   0.06112   0.01998         0
      1/29     2.69G    0.0644   0.01994         0   0.08434        12       640   0.06685    0.1364   0.02047   0.00409   0.05647   0.01898         0
      2/29     2.69G   0.04493   0.01904         0   0.06396         9       640    0.0833    0.1818   0.02827  0.005663   0.05177   0.01792         0
      3/29     2.69G   0.05392   0.01741         0   0.07133        11       640    0.0912    0.3182   0.04163   0.01085   0.04797   0.01682         0
      4/29     2.69G   0.05596   0.01821         0   0.07417        18       640   0.07469    0.4091   0.04254  0.008123   0.04807    0.0151         0
      5/29     2.69G   0.04953   0.01633         0   0.06586        13       640   0.06479    0.5455   0.09168   0.02437   0.04761   0.01437         0
      6/29     2.69G    0.0533   0.01635         0   0.06965        13       640    0.1848    0.2273    0.0894   0.01946   0.04763   0.01327         0
      7/29     2.69G   0.05021   0.01719         0    0.0674        19       640    0.1833    0.1364    0.1053   0.02748   0.04769   0.01266         0
      8/29     2.69G   0.04365   0.01502         0   0.05868         9       640    0.2705    0.2727    0.1329   0.02377   0.04752   0.01208         0
      9/29     2.69G   0.05144   0.01586         0    0.0673         5       640    0.6305    0.3108    0.3672     0.135   0.04361   0.01191         0
     10/29     2.69G   0.04793    0.0138         0   0.06173        13       640    0.3554    0.4091    0.3069   0.08845   0.04375   0.01167         0
     11/29     2.69G   0.04774   0.01381         0   0.06155        10       640    0.4729    0.4545    0.4045    0.1234   0.04284   0.01122         0
     12/29     2.69G    0.0529   0.01423         0   0.06713        11       640    0.5112    0.4545    0.4295    0.1744   0.04322   0.01049         0
     13/29     2.69G   0.04437   0.01335         0   0.05772         7       640    0.4955    0.4091    0.3713    0.1025   0.04212   0.01061         0
     14/29     2.69G   0.04798   0.01402         0     0.062        17       640    0.4997    0.4993    0.4515    0.1367   0.04261   0.01023         0
     15/29     2.69G   0.04034   0.01069         0   0.05103         7       640    0.5458    0.4545    0.4111    0.1176   0.04094   0.01032         0
     16/29     2.69G   0.05253   0.01288         0   0.06541        14       640    0.7471    0.4091     0.518    0.1515   0.04262    0.0094         0
     17/29     2.69G   0.04285   0.01237         0   0.05522        11       640    0.7846     0.497    0.6063    0.2172   0.04279  0.009065         0
     18/29     2.69G   0.05154   0.01212         0   0.06366        10       640    0.5316    0.4545    0.4618    0.1437    0.0407  0.009051         0
     19/29     2.69G   0.04589   0.01255         0   0.05844         7       640    0.4976    0.8182     0.677    0.1712   0.04077  0.008798         0
     20/29     2.69G   0.05483   0.01327         0    0.0681        12       640      0.84       0.5    0.6848    0.1874   0.03931  0.008779         0
     21/29     2.69G   0.04541   0.01139         0   0.05679         6       640    0.6393     0.725     0.732     0.247   0.03877  0.008563         0
     22/29     2.69G   0.04654   0.01188         0   0.05842         9       640    0.7983    0.7727    0.7545    0.2173   0.03992  0.008265         0
     23/29     2.69G   0.04029   0.01063         0   0.05092        10       640    0.7349    0.7727    0.7597    0.3461   0.03802  0.008257         0
     24/29     2.69G   0.04318   0.01156         0   0.05473         8       640    0.7955    0.7273    0.7715    0.3542    0.0386  0.008128         0
     25/29     2.69G    0.0347   0.01224         0   0.04694         5       640    0.7265    0.7244    0.7442     0.342    0.0385  0.008204         0
     26/29     2.69G   0.04164   0.01217         0   0.05382         8       640    0.7893    0.6811    0.7263     0.338   0.03791  0.008212         0
     27/29     2.69G   0.03002   0.01142         0   0.04143        15       640    0.8821    0.6818    0.7445    0.2684   0.03901  0.008364         0
     28/29     2.69G   0.04217   0.01175         0   0.05392         6       640    0.8888    0.7269    0.7598     0.295   0.03888   0.00827         0
     29/29     2.69G   0.04766   0.01232         0   0.05998        13       640    0.9324    0.6364     0.754    0.3623   0.03806  0.008315         0
